0.608019 0.608019 
0.982351 0.982351 
0.946360 0.946360 
0.934337 0.934337 
0.937138 0.937138 
0.912462 0.912462 
0.904972 0.904972 
0.915668 0.915668 
0.942479 0.942479 
0.939204 0.939204 
0.922272 0.922272 
0.927938 0.927938 
0.959373 0.959373 
0.963254 0.963254 
0.995955 0.995955 
0.999233 0.999233 
1.012848 1.012848 
1.024285 1.024285 
0.997484 0.997484 
0.956544 0.956544 
0.928826 0.928826 
0.880062 0.880062 
0.860872 0.860872 
0.799968 0.799968 
0.766228 0.766228 
0.806073 0.806073 
0.906668 0.906668 
1.043273 1.043273 
1.181306 1.181306 
1.201494 1.201494 
1.212211 1.212211 
1.254765 1.254765 
1.342363 1.342363 
1.473703 1.473703 
1.481088 1.481088 
1.454271 1.454271 
1.350714 1.350714 
1.358151 1.358151 
1.301584 1.301584 
1.353484 1.353484 
1.373472 1.373472 
1.434708 1.434708 
1.376894 1.376894 
1.350620 1.350620 
1.322374 1.322374 
1.332721 1.332721 
1.330214 1.330214 
1.351482 1.351482 
1.354520 1.354520 
1.357820 1.357820 
1.325807 1.325807 
1.285778 1.285778 
1.078356 1.078356 
0.850468 0.850468 
0.720730 0.720730 
0.787345 0.787345 
0.863484 0.863484 
0.742661 0.742661 
0.649719 0.649719 
0.942226 0.942226 
1.162251 1.162251 
1.441425 1.441425 
1.478809 1.478809 
1.465127 1.465127 
1.505926 1.505926 
1.495137 1.495137 
1.765504 1.765504 
1.600691 1.600691 
2.627094 2.627094 
2.753289 2.753289 
3.655306 3.655306 
3.626363 3.626363 
3.069135 3.069135 
3.154545 3.154545 
2.882775 2.882775 
3.022293 3.022293 
2.328935 2.328935 
1.503065 1.503065 
0.681719 0.681719 
0.571176 0.571176 
0.719308 0.719308 
0.988023 0.988023 
1.311478 1.311478 
1.506839 1.506839 
1.189428 1.189428 
1.257841 1.257841 
1.148687 1.148687 
1.594168 1.594168 
1.681720 1.681720 
1.746835 1.746835 
1.754368 1.754368 
1.739422 1.739422 
1.483864 1.483864 
1.227136 1.227136 
1.440874 1.440874 
2.392742 2.392742 
3.980473 3.980473 
5.182009 5.182009 
5.258647 5.258647 
5.280617 5.280617 
5.314323 5.314323 
5.236734 5.236734 
5.214042 5.214042 
5.158745 5.158745 
5.174672 5.174672 
5.214563 5.214563 
5.222257 5.222257 
5.262393 5.262393 
5.223880 5.223880 
5.229448 5.229448 
5.174423 5.174423 
5.198188 5.198188 
5.179956 5.179956 
5.175592 5.175592 
5.170852 5.170852 
5.132116 5.132116 
5.109147 5.109147 
5.084656 5.084656 
5.109690 5.109690 
5.150816 5.150816 
5.130933 5.130933 
5.114812 5.114812 
5.102729 5.102729 
5.084306 5.084306 
5.126458 5.126458 
5.135952 5.135952 
5.117580 5.117580 
5.106134 5.106134 
5.055592 5.055592 
5.072989 5.072989 
5.074905 5.074905 
5.089845 5.089845 
5.069844 5.069844 
5.059874 5.059874 
5.022189 5.022189 
4.987257 4.987257 
4.975357 4.975357 
5.004257 5.004257 
5.045491 5.045491 
5.034974 5.034974 
4.976770 4.976770 
4.965550 4.965550 
4.973826 4.973826 
5.029839 5.029839 
5.031324 5.031324 
5.039522 5.039522 
5.048846 5.048846 
5.020813 5.020813 
4.965830 4.965830 
4.978731 4.978731 
4.983489 4.983489 
5.003424 5.003424 
4.992139 4.992139 
4.964725 4.964725 
4.964612 4.964612 
4.969760 4.969760 
4.997387 4.997387 
5.095904 5.095904 
5.145973 5.145973 
5.166361 5.166361 
5.172828 5.172828 
5.146397 5.146397 
5.154969 5.154969 
5.166875 5.166875 
5.229267 5.229267 
5.254738 5.254738 
5.272166 5.272166 
5.252581 5.252581 
5.281193 5.281193 
5.297421 5.297421 
5.348903 5.348903 
5.363492 5.363492 
5.343853 5.343853 
5.325698 5.325698 
5.333393 5.333393 
5.349944 5.349944 
5.463315 5.463315 
5.501754 5.501754 
5.538890 5.538890 
5.490748 5.490748 
5.510916 5.510916 
5.545175 5.545175 
5.629914 5.629914 
5.669291 5.669291 
5.661342 5.661342 
5.624897 5.624897 
5.582435 5.582435 
5.582358 5.582358 
5.584790 5.584790 
5.610193 5.610193 
5.628601 5.628601 
5.581986 5.581986 
5.572642 5.572642 
5.537485 5.537485 
5.567864 5.567864 
5.565784 5.565784 
5.588600 5.588600 
5.528643 5.528643 
5.520974 5.520974 
5.517647 5.517647 
5.590802 5.590802 
5.672703 5.672703 
5.721839 5.721839 
5.780976 5.780976 
5.785080 5.785080 
5.768168 5.768168 
5.750397 5.750397 
5.765278 5.765278 
5.845596 5.845596 
5.873940 5.873940 
5.784300 5.784300 
5.766156 5.766156 
5.739693 5.739693 
5.785037 5.785037 
5.844233 5.844233 
5.847155 5.847155 
5.820356 5.820356 
5.739974 5.739974 
5.657825 5.657825 
5.609129 5.609129 
5.566720 5.566720 
5.591168 5.591168 
5.581368 5.581368 
5.563850 5.563850 
5.568464 5.568464 
5.539022 5.539022 
5.575580 5.575580 
5.599440 5.599440 
5.594801 5.594801 
5.570112 5.570112 
5.569764 5.569764 
5.591160 5.591160 
5.639202 5.639202 
5.675904 5.675904 
5.704319 5.704319 
5.719139 5.719139 
5.696622 5.696622 
5.699191 5.699191 
5.664390 5.664390 
5.752331 5.752331 
5.730731 5.730731 
5.747792 5.747792 
5.747821 5.747821 
5.785073 5.785073 
5.824199 5.824199 
5.929138 5.929138 
6.060945 6.060945 
6.184229 6.184229 
6.244299 6.244299 
6.264572 6.264572 
6.345165 6.345165 
6.369375 6.369375 
6.507053 6.507053 
6.521734 6.521734 
6.494049 6.494049 
6.460153 6.460153 
6.495273 6.495273 
6.582751 6.582751 
6.658211 6.658211 
6.467447 6.467447 
6.370553 6.370553 
6.246002 6.246002 
6.242965 6.242965 
6.260843 6.260843 
6.238192 6.238192 
6.265538 6.265538 
6.165134 6.165134 
6.148416 6.148416 
6.082623 6.082623 
6.156881 6.156881 
6.220270 6.220270 
6.239991 6.239991 
6.215116 6.215116 
6.194663 6.194663 
6.162250 6.162250 
6.142991 6.142991 
6.148907 6.148907 
6.125215 6.125215 
6.079143 6.079143 
6.104805 6.104805 
6.125070 6.125070 
6.199946 6.199946 
6.208931 6.208931 
6.199375 6.199375 
6.117079 6.117079 
6.085749 6.085749 
6.048737 6.048737 
6.100009 6.100009 
6.118419 6.118419 
6.069263 6.069263 
5.991355 5.991355 
5.946541 5.946541 
5.979155 5.979155 
6.000806 6.000806 
5.955536 5.955536 
5.895829 5.895829 
5.883122 5.883122 
5.806469 5.806469 
5.796656 5.796656 
5.694547 5.694547 
5.710948 5.710948 
5.697297 5.697297 
5.625473 5.625473 
5.559608 5.559608 
5.475107 5.475107 
5.455959 5.455959 
5.494321 5.494321 
5.491484 5.491484 
5.426880 5.426880 
5.450437 5.450437 
5.461365 5.461365 
5.509621 5.509621 
5.533483 5.533483 
5.544951 5.544951 
5.540890 5.540890 
5.448672 5.448672 
5.472465 5.472465 
5.435972 5.435972 
5.576897 5.576897 
5.534573 5.534573 
5.513227 5.513227 
5.453573 5.453573 
5.493034 5.493034 
5.510779 5.510779 
5.550629 5.550629 
5.570435 5.570435 
5.558918 5.558918 
5.579113 5.579113 
5.570048 5.570048 
5.627371 5.627371 
5.681277 5.681277 
5.696139 5.696139 
5.760082 5.760082 
5.773777 5.773777 
5.785860 5.785860 
5.766323 5.766323 
5.701293 5.701293 
5.603921 5.603921 
5.535546 5.535546 
5.510085 5.510085 
5.530615 5.530615 
5.515269 5.515269 
5.490241 5.490241 
5.458744 5.458744 
5.464079 5.464079 
5.498034 5.498034 
5.498118 5.498118 
5.525234 5.525234 
5.473901 5.473901 
5.465653 5.465653 
5.412705 5.412705 
5.434885 5.434885 
5.465330 5.465330 
5.479346 5.479346 
5.486219 5.486219 
5.421213 5.421213 
5.425997 5.425997 
5.416535 5.416535 
5.425971 5.425971 
5.418985 5.418985 
5.366768 5.366768 
5.364422 5.364422 
5.335642 5.335642 
5.386922 5.386922 
5.438499 5.438499 
5.403262 5.403262 
5.431719 5.431719 
5.440149 5.440149 
5.527641 5.527641 
5.545392 5.545392 
5.543984 5.543984 
5.519701 5.519701 
5.457378 5.457378 
5.484283 5.484283 
5.477159 5.477159 
5.554879 5.554879 
5.561506 5.561506 
5.574528 5.574528 
5.627319 5.627319 
5.638182 5.638182 
5.698505 5.698505 
5.724908 5.724908 
5.712051 5.712051 
5.651807 5.651807 
5.601810 5.601810 
5.619891 5.619891 
5.617352 5.617352 
5.636807 5.636807 
5.600011 5.600011 
5.694750 5.694750 
5.694214 5.694214 
5.744470 5.744470 
5.757508 5.757508 
5.664608 5.664608 
5.796103 5.796103 
5.051221 5.051221 
4.178096 4.178096 
2.942518 2.942518 
2.269789 2.269789 
2.301004 2.301004 
