Image_Id	Caffe_output		My_output			
1		0.0 			2.23236719265696e-73
		0.0 			2.57691111117343e-103
		8.68805047881e-44 	8.70577243386422e-44
		1.0			1 
		0.0 			1.26337761470921e-61
		0.0 			1.83593781330790e-64
		7.66510259986e-43 	7.66108784645700e-43
		4.92006680823e-39	4.91989415087829e-39 
		0.0			5.40447349416007e-76 
		1.0172144465e-28	1.01722076060475e-28

2		4.28147644171e-34 	4.28133424681669e-34
		0.0 			1.02829161179318e-79
		0.0 			1.87041636187488e-51
		0.0 			7.55265460993921e-72
		8.83198963846e-20	8.83246842977519e-20 
		1.0 			1.00000000000000
		0.0 			9.54528992277814e-54
		4.89556556184e-29 	4.89544407481436e-29
		2.840106532e-24 	2.84019673903597e-24
		2.22831604412e-16	2.22835403261821e-16

3		4.90422980004e-10	4.90449941130028e-10
		2.3692506679e-26 	2.36938242335944e-26
		6.0096894779e-30 	6.00996146733108e-30
		0.0 			3.47858268953296e-91
		0.0 			1.31556244312803e-99
		6.18138193452e-28 	6.18168458868921e-28
		4.38616329316e-37 	4.38641320263402e-37
		3.35710563887e-29 	3.35713587524725e-29
		1.0 			0.999999999509550
		0.0			3.02109630056772e-93

4		8.16379058703e-30	8.16339455993698e-30 
		0.0 			2.96427136463509e-62
		0.0 			1.91638537670637e-84
		1.0 			1
		1.75998883224e-40 	1.75999537720279e-40
		0.0 			1.49170001877615e-152
		0.0 			8.42032417420601e-48
		0.0 			5.06698997463174e-204
		6.88243220966e-19 	6.88170518584860e-19
		0.0			7.38399827253314e-50

5		0.0			3.09990451449114e-120
		2.41639658687e-32 	2.31234231916035e-99
		0.0			1.37889304338345e-29 
		0.0			4.54554641195787e-88 
		0.0			1.00000000000000			 
		0.0 			8.17509236686499e-45
		0.0 			6.40795634437070e-69
		0.0 			1.93369017408055e-153
		1.0 			4.55743520874556e-16
		0.0			2.68160644518578e-28
